% Save data in a .mat, after copying it from the Serial monitor
% 20 seconds of data acqusition (for detais check do_staircase_response
% in box.cpp). This experiment consists in 
data_exp = [
0.001,0.0081,0.02;
0.011,0.0081,0.02;
0.021,0.0081,0.02;
0.032,0.0097,0.03;
0.042,0.0105,0.04;
0.052,0.0153,0.10;
0.062,0.0282,0.17;
0.073,0.0451,0.26;
0.083,0.0645,0.37;
0.093,0.0911,0.53;
0.104,0.1160,0.70;
0.114,0.1426,0.86;
0.124,0.1692,1.01;
0.135,0.1934,1.22;
0.145,0.2208,1.40;
0.155,0.2458,1.58;
0.165,0.2724,1.70;
0.176,0.2941,1.91;
0.186,0.3167,2.08;
0.196,0.3336,2.23;
0.207,0.3505,2.33;
0.217,0.3715,2.54;
0.227,0.3876,2.59;
0.238,0.3981,2.74;
0.248,0.4110,2.76;
0.258,0.4166,2.86;
0.269,0.4336,2.99;
0.279,0.4384,3.08;
0.289,0.4497,3.14;
0.299,0.4553,3.24;
0.310,0.4650,3.29;
0.320,0.4722,3.34;
0.330,0.4755,3.44;
0.341,0.4908,3.53;
0.351,0.4932,3.58;
0.361,0.5004,3.61;
0.372,0.5029,3.63;
0.382,0.5093,3.70;
0.392,0.5109,3.71;
0.402,0.5125,3.75;
0.413,0.5174,3.79;
0.423,0.5222,3.83;
0.433,0.5254,3.87;
0.444,0.5270,3.87;
0.454,0.5319,3.92;
0.464,0.5327,3.93;
0.475,0.5335,3.96;
0.485,0.5375,3.98;
0.495,0.5391,3.99;
0.506,0.5391,3.99;
0.516,0.5415,4.02;
0.526,0.5415,4.04;
0.536,0.5456,4.07;
0.547,0.5480,4.09;
0.557,0.5504,4.12;
0.567,0.5512,4.13;
0.578,0.5520,4.13;
0.588,0.5520,4.13;
0.598,0.5520,4.13;
0.609,0.5520,4.13;
0.619,0.5520,4.15;
0.629,0.5552,4.16;
0.639,0.5568,4.20;
0.650,0.5568,4.18;
0.660,0.5568,4.18;
0.670,0.5568,4.18;
0.681,0.5577,4.19;
0.691,0.5577,4.19;
0.701,0.5577,4.19;
0.712,0.5577,4.21;
0.722,0.5609,4.22;
0.732,0.5609,4.22;
0.742,0.5609,4.22;
0.753,0.5609,4.22;
0.763,0.5617,4.23;
0.773,0.5609,4.22;
0.784,0.5609,4.21;
0.794,0.5593,4.21;
0.804,0.5609,4.21;
0.815,0.5593,4.21;
0.825,0.5609,4.22;
0.835,0.5609,4.22;
0.845,0.5617,4.23;
0.856,0.5617,4.27;
0.866,0.5649,4.27;
0.876,0.5649,4.27;
0.887,0.5649,4.27;
0.897,0.5649,4.27;
0.907,0.5649,4.27;
0.918,0.5633,4.25;
0.928,0.5641,4.26;
0.938,0.5641,4.27;
0.949,0.5657,4.27;
0.959,0.5641,4.26;
0.969,0.5641,4.29;
0.979,0.5673,4.29;
0.990,0.5673,4.29;
1.000,0.5673,4.29;
1.010,0.5673,4.30;
1.021,0.5697,4.33;
1.031,0.5722,4.45;
1.041,0.5883,4.75;
1.052,0.6100,5.09;
1.062,0.6407,5.41;
1.072,0.6681,5.71;
1.082,0.6938,5.95;
1.093,0.7132,6.23;
1.103,0.7349,6.52;
1.113,0.7583,6.73;
1.124,0.7728,6.83;
1.134,0.7801,6.99;
1.144,0.7954,7.15;
1.155,0.8026,7.33;
1.165,0.8147,7.43;
1.175,0.8220,7.51;
1.186,0.8284,7.64;
1.196,0.8381,7.71;
1.206,0.8453,7.80;
1.216,0.8510,7.93;
1.227,0.8558,7.98;
1.237,0.8599,8.01;
1.247,0.8607,8.11;
1.258,0.8679,8.13;
1.268,0.8727,8.23;
1.278,0.8776,8.28;
1.289,0.8784,8.30;
1.299,0.8808,8.32;
1.309,0.8808,8.33;
1.319,0.8832,8.35;
1.330,0.8873,8.43;
1.340,0.8889,8.44;
1.350,0.8897,8.45;
1.361,0.8905,8.46;
1.371,0.8929,8.50;
1.381,0.8937,8.51;
1.392,0.8937,8.53;
1.402,0.8961,8.53;
1.412,0.8945,8.53;
1.423,0.8945,8.55;
1.433,0.8969,8.56;
1.443,0.8969,8.56;
1.453,0.8969,8.56;
1.464,0.8969,8.56;
1.474,0.8969,8.58;
1.484,0.8977,8.58;
1.495,0.8977,8.60;
1.505,0.8993,8.60;
1.515,0.8993,8.60;
1.526,0.8993,8.63;
1.536,0.9010,8.63;
1.546,0.8993,8.60;
1.557,0.9010,8.63;
1.567,0.9026,8.65;
1.577,0.9026,8.65;
1.587,0.9026,8.65;
1.598,0.9026,8.65;
1.608,0.9026,8.65;
1.618,0.9026,8.65;
1.629,0.9026,8.64;
1.639,0.9018,8.63;
1.649,0.9018,8.63;
1.660,0.9010,8.61;
1.670,0.9001,8.61;
1.680,0.9001,8.61;
1.690,0.9001,8.61;
1.701,0.9050,8.61;
1.711,0.9050,8.61;
1.721,0.9042,8.68;
1.732,0.9042,8.69;
1.742,0.9042,8.68;
1.752,0.9042,8.65;
1.763,0.9042,8.68;
1.773,0.9042,8.68;
1.783,0.9042,8.68;
1.793,0.9042,8.68;
1.804,0.9042,8.69;
1.814,0.9050,8.68;
1.824,0.9050,8.70;
1.835,0.9058,8.70;
1.845,0.9058,8.70;
1.855,0.9058,8.66;
1.866,0.9034,8.68;
1.876,0.9050,8.68;
1.886,0.9042,8.68;
1.897,0.9042,8.68;
1.907,0.9042,8.68;
1.917,0.9050,8.69;
1.927,0.9050,8.69;
1.938,0.9050,8.69;
1.948,0.9050,8.69;
1.958,0.9050,8.69;
1.969,0.9050,8.69;
1.979,0.9050,8.69;
1.989,0.9050,8.71;
2.000,0.9066,8.71;
2.010,0.9074,8.73;
2.020,0.9074,8.73;
2.030,0.9098,8.76;
2.041,0.9114,8.90;
2.051,0.9227,9.26;
2.061,0.9445,9.62;
2.072,0.9646,10.04;
2.082,0.9896,10.36;
2.092,1.0097,10.65;
2.103,1.0234,10.89;
2.113,1.0404,11.08;
2.123,1.0508,11.18;
2.134,1.0621,11.47;
2.144,1.0726,11.59;
2.154,1.0766,11.82;
2.164,1.0895,11.88;
2.175,1.0895,12.00;
2.185,1.0992,12.10;
2.195,1.1008,12.15;
2.206,1.1105,12.29;
2.216,1.1121,12.33;
2.226,1.1129,12.35;
2.237,1.1177,12.43;
2.247,1.1193,12.49;
2.257,1.1226,12.54;
2.268,1.1242,12.57;
2.278,1.1266,12.64;
2.288,1.1282,12.65;
2.298,1.1290,12.65;
2.309,1.1306,12.69;
2.319,1.1306,12.72;
2.329,1.1306,12.72;
2.340,1.1322,12.72;
2.350,1.1322,12.72;
2.360,1.1322,12.77;
2.371,1.1347,12.77;
2.381,1.1355,12.78;
2.391,1.1355,12.78;
2.401,1.1371,12.82;
2.412,1.1363,12.82;
2.422,1.1371,12.80;
2.432,1.1363,12.80;
2.443,1.1363,12.80;
2.453,1.1363,12.80;
2.463,1.1363,12.85;
2.474,1.1387,12.85;
2.484,1.1387,12.87;
2.494,1.1387,12.87;
2.505,1.1387,12.87;
2.515,1.1387,12.85;
2.525,1.1395,12.87;
2.535,1.1395,12.87;
2.546,1.1395,12.87;
2.556,1.1395,12.87;
2.566,1.1395,12.87;
2.577,1.1395,12.87;
2.587,1.1395,12.92;
2.597,1.1395,12.88;
2.608,1.1403,12.88;
2.618,1.1403,12.92;
2.628,1.1419,12.93;
2.639,1.1427,12.93;
2.649,1.1419,12.93;
2.659,1.1427,12.93;
2.669,1.1427,12.93;
2.680,1.1419,12.92;
2.690,1.1419,12.92;
2.700,1.1419,12.92;
2.711,1.1411,12.92;
2.721,1.1419,12.93;
2.731,1.1427,12.93;
2.742,1.1427,12.93;
2.752,1.1427,12.92;
2.762,1.1419,12.93;
2.773,1.1435,12.95;
2.783,1.1435,12.95;
2.793,1.1435,12.95;
2.803,1.1435,12.95;
2.814,1.1435,12.95;
2.824,1.1435,12.96;
2.834,1.1435,12.96;
2.845,1.1435,12.96;
2.855,1.1443,12.95;
2.865,1.1427,12.95;
2.876,1.1435,12.95;
2.886,1.1435,12.95;
2.896,1.1435,12.95;
2.906,1.1435,12.95;
2.917,1.1435,12.95;
2.927,1.1427,12.95;
2.937,1.1427,12.93;
2.948,1.1427,12.90;
2.958,1.1427,12.92;
2.968,1.1411,12.92;
2.979,1.1419,12.92;
2.989,1.1419,12.92;
2.999,1.1419,12.92;
3.009,1.1419,12.92;
3.020,1.1419,12.92;
3.030,1.1427,12.93;
3.040,1.1435,12.98;
3.051,1.1459,13.21;
3.061,1.1580,13.57;
3.071,1.1749,13.95;
3.082,1.1967,14.30;
3.092,1.2136,14.69;
3.102,1.2265,14.89;
3.113,1.2370,15.02;
3.123,1.2459,15.28;
3.133,1.2588,15.49;
3.143,1.2620,15.66;
3.154,1.2676,15.79;
3.164,1.2757,15.87;
3.174,1.2773,15.92;
3.185,1.2829,16.08;
3.195,1.2853,16.20;
3.205,1.2950,16.33;
3.216,1.2958,16.41;
3.226,1.2982,16.41;
3.236,1.2999,16.47;
3.247,1.3023,16.51;
3.257,1.3039,16.55;
3.267,1.3047,16.57;
3.277,1.3055,16.59;
3.288,1.3047,16.63;
3.298,1.3063,16.63;
3.308,1.3103,16.71;
3.319,1.3103,16.71;
3.329,1.3119,16.75;
3.339,1.3119,16.75;
3.350,1.3119,16.77;
3.360,1.3127,16.77;
3.370,1.3127,16.77;
3.380,1.3136,16.79;
3.391,1.3136,16.83;
3.401,1.3152,16.83;
3.411,1.3152,16.83;
3.422,1.3152,16.83;
3.432,1.3152,16.83;
3.442,1.3127,16.79;
3.453,1.3136,16.79;
3.463,1.3136,16.79;
3.473,1.3136,16.79;
3.483,1.3136,16.79;
3.494,1.3152,16.83;
3.504,1.3152,16.83;
3.514,1.3152,16.85;
3.525,1.3168,16.87;
3.535,1.3168,16.89;
3.545,1.3168,16.87;
3.556,1.3152,16.87;
3.566,1.3168,16.91;
3.576,1.3168,16.87;
3.587,1.3168,16.87;
3.597,1.3168,16.91;
3.607,1.3168,16.87;
3.617,1.3184,16.87;
3.628,1.3136,16.85;
3.638,1.3136,16.83;
3.648,1.3152,16.79;
3.659,1.3136,16.79;
3.669,1.3152,16.83;
3.679,1.3152,16.85;
3.690,1.3152,16.83;
3.700,1.3152,16.83;
3.710,1.3152,16.83;
3.720,1.3160,16.85;
3.731,1.3160,16.85;
3.741,1.3160,16.85;
3.751,1.3176,16.91;
3.762,1.3184,16.91;
3.772,1.3184,16.91;
3.782,1.3184,16.93;
3.793,1.3192,16.91;
3.803,1.3184,16.91;
3.813,1.3184,16.91;
3.824,1.3184,16.91;
3.834,1.3184,16.91;
3.844,1.3184,16.91;
3.854,1.3192,16.93;
3.865,1.3192,17.00;
3.875,1.3216,16.93;
3.885,1.3176,16.89;
3.896,1.3176,16.89;
3.906,1.3160,16.85;
3.916,1.3160,16.85;
3.927,1.3160,16.85;
3.937,1.3160,16.85;
3.947,1.3160,16.85;
3.957,1.3160,16.85;
3.968,1.3168,16.91;
3.978,1.3184,16.91;
3.988,1.3184,16.87;
3.999,1.3160,16.85;
4.009,1.3160,16.87;
4.019,1.3160,16.83;
4.030,1.3152,16.83;
4.040,1.3152,16.85;
4.050,1.3160,16.87;
4.061,1.3184,17.02;
4.071,1.3329,17.57;
4.081,1.3458,17.91;
4.091,1.3571,18.30;
4.102,1.3756,18.85;
4.112,1.3925,19.02;
